gauss
5, 5, 100
0.00390625, 0.015625, 0.0234375, 0.015625, 0.00390625
0.015625, 0.0625, 0.09375, 0.0625, 0.015625
0.0234375, 0.09375, 0.140625, 0.09375, 0.0234375
0.015625, 0.0625, 0.09375, 0.0625, 0.015625
0.00390625, 0.015625, 0.0234375, 0.015625, 0.00390625


sobel h
3,3,1
1,2,1
0,0,0
-1,-2,-1


sobel v
3, 3, 20
-1, 0, 1
-2, 0, 2
-1, 0, 1

box
26, 1, 0
0.038
0.038
0.038
0.038
0.038
0.038
0.038
0.038
0.038
0.038
0.038
0.038
0.038
0.038
0.038
0.038
0.038
0.038
0.038
0.038
0.038
0.038
0.038
0.038
0.038
0.038

negativo
3,3, 0
-1,0,0
0,-1,0
0,0,-1

emboss
3,3, 0
-2,-1,0
-1,1,1
0,1,2